174
985
1140
3078
3670
3847
5311
6391
6405
6554
6626
10568
15524
17276
18030
18630
19423
19988
21236
22157
22345
22479
22521
22592
23119
23390
23747
23766
24636
24715
25196
25747
26197
26853
27946
31439
36213
36262
39026
39166
39225
39489
39542
40117
40321
40325
40878
41305
44417
44677
44767
44795
45957
49113
49209
50083
50232
51433
52265
52693
53281
55335
59348
59900
60100
60237
60822
60856
62742
63516
64546
65094
67324
68322
72203
73983
76946
77414
77431
78000
78144
79179
80744
81330
83907
84561
84615
84788
85125
86479
87327
87442
88081
90671
91331
91709
91729
93087
94193
94286#